WDN, Survey, FUV exposure time (s), NUV exposure time (s), FUV magnitude (Mab), FUV magnitude uncertianty (Mab), NUV magnitude (Mab), NUV magnitude uncertianty (Mab), Synthetic FUV magnitude, Synthetic NUV magnitude
0000-170  AIS      0.00     63.05   0.0000  0.0000  14.8972  0.0675   0.0000  14.7773
0002+729  AIS    208.00    208.00  15.2669  0.1250  14.6308  0.0675  15.1138  14.3093
0004+330  AIS    112.00    465.00  13.0285  0.1250  13.0353  0.0675  11.6860  12.2934
0005+511  AIS    219.00    219.00  12.3251  0.1250  13.2181  0.0675  10.9914  14.9517
0017+136  AIS      0.00    122.00   0.0000  0.0000  14.9812  0.0675   0.0000  13.5743
0022-745  AIS    202.00    202.00  14.0467  0.1250  14.3996  0.0675  13.7945  13.2400
0037+312  AIS    109.00    109.00  13.2827  0.1250  13.5633  0.0675  12.8756  13.2310
0041+092  AIS    179.05    179.05  13.1606  0.1250  13.4619  0.0675  12.7943  13.7890
0041-102  AIS    209.00    209.00  14.0262  0.1250  14.1027  0.0675  13.8358  14.1150
0046+077  AIS    160.00    160.00  13.7227  0.1250  14.2890  0.0675  13.5577  13.7073
0047-524  CAI    989.00    989.00  13.5915  0.1250  13.8969  0.0675  13.4261  11.9525
0050-332  AIS    112.00    112.00  12.5333  0.1250  12.4000  0.0675  11.3972  13.3429
0100-068  AIS    117.00    117.00  13.6039  0.1250  14.1272  0.0675  13.4436  15.4240
0101+048  AIS    204.00    204.00  19.5455  0.1250  15.5280  0.0675  18.2973  14.0219
0101-182  AIS    186.00    186.00  13.7991  0.1250  14.1505  0.0675  13.4996  14.0850
0104-464  AIS    192.00    192.00  17.4031  0.1250  16.1153  0.0675  18.0025   0.0000
0108+100  AIS    218.00    218.00  13.8757  0.1250  14.3913  0.0675  13.5211  13.8441
0109+111  AIS    213.00    213.00  13.3639  0.1250  14.1101  0.0675  13.2685  12.1171
0109-264  MIS   1504.00   1504.00  12.8211  0.1250  13.5353  0.0675  11.9055  14.5097
0112+104  AIS    218.00    218.00  14.4242  0.1250  14.6666  0.0675  14.2984  11.8472
0114-027  MIS   1696.00   1696.00  14.3415  0.1250  13.3397  0.0675  14.1881  14.8441
0115+159  AIS    109.00    226.00  18.8190  0.1250  15.0204  0.0675  18.3439  15.2318
0128-387  AIS    109.00    109.00  16.0092  0.1250  15.3588  0.0675  15.7710  14.7341
0130-196  AIS    183.05    183.05  13.7331  0.1250  14.3135  0.0675  14.0346  12.5368
0133-116  AIS    151.10    151.10  15.5084  0.1250  14.7518  0.0675  15.2683   0.000
0134+181  AIS    112.00    118.00  15.6914  0.1250  16.1171  0.0675  15.3949   0.000
0134+833  AIS    443.00    443.00  12.9997  0.1250  12.9615  0.0675  12.2510  14.4274
0136+251  AIS    192.00    192.00  14.0397  0.1250  14.6187  0.0675  13.9309  16.8458
0141-675  AIS    141.00    253.00   0.0000  0.0000  17.0377  0.0675   0.0000  13.9512
0145-257  AIS    173.00    173.00  13.4525  0.1250  14.1425  0.0675  13.4509  12.5373
0148+467  AIS      0.00     88.00   0.0000  0.0000  13.9726  0.0675   0.0000  12.5222
0209+085  AIS    212.00    212.00  12.6862  0.1250  13.0552  0.0675  11.9759  10.8931
0231-054  AIS    140.00    140.00  15.0851  0.1250  14.5674  0.0675  14.9231   0.0000
0232+035  AIS    112.00    224.00  11.5479  0.1250  12.1810  0.0675  10.2957  15.2156
0237+115  AIS    350.15    355.15  14.4161  0.1250  15.0281  0.0675  14.3627  12.5963
0252-055  AIS    112.00    118.00  12.4282  0.1250  13.0491  0.0675  12.2334  15.7059
0300-013  AIS    224.00    224.00  16.3577  0.1250  16.4096  0.0675  16.2679  13.5335
0302+027  AIS    108.00    108.00  13.0636  0.1250  14.0096  0.0675  12.9942  13.4687
0308+096  AIS    112.00    112.00  14.0291  0.1250  14.5109  0.0675  13.8408   0.000
0308-565  AIS    194.00    194.00  13.8874  0.1250  13.7324  0.0675  13.4992  11.1970
0310-688  AIS    194.20    194.20  11.4219  0.1250  13.9852  0.0675  11.0530  13.5806
0320-539  AIS    402.00    402.00  13.4095  0.1250  13.7871  0.0675  13.0682  13.4799
0343-007  MIS    873.00   2794.10  13.1802  0.1250  13.9359  0.0675  12.8325  12.5352
0346-011  MIS    873.00    873.00  12.6942  0.1250  12.8715  0.0675  11.9567  12.2279
0347+171  AIS    195.00    195.00  12.2184  0.1250  13.7466  0.0675  11.7247  14.5034
0352+096  CAI  29646.70  29646.70  14.6446  0.1250  14.7514  0.0675  14.5027  14.1651
0353+284  AIS    220.00    220.00  12.9756  0.1250  13.9852  0.0675  12.9450   0.0000
0354-368  AIS    222.00    222.00  14.6757  0.1250  15.1241  0.0675  14.6172   0.0000
0401+250  AIS    199.00    199.00  14.7644  0.1250  14.4351  0.0675  14.7258  15.1292
0406+169  CAI  53025.40  53036.50  15.1977  0.1250  15.2641  0.0675  15.0709  13.2330
0410+117  CAI   2029.55   2029.55  13.2161  0.1250  13.4777  0.0675  12.8450  14.0920
0416-550  NGS   3227.00   3227.00  13.6470  0.1250  14.2912  0.0675  13.5686  14.7448
0418-539  AIS     80.00    183.00  15.0106  0.1250  14.7865  0.0675  14.9307  13.1297
0421+740  AIS    215.00    215.00  13.7338  0.1250  14.2429  0.0675  13.3887   0.0000
0425+168  GIS  15161.20  15161.20  12.9319  0.1250  13.4015  0.0675  12.7264  13.9768
0429+176  AIS      0.00    104.05   0.0000  0.0000  14.2186  0.0675   0.0000  14.0376
0453-295  AIS    155.00    155.00  15.0966  0.1250  15.0255  0.0675  14.9725  14.8834
0453+418  AIS      0.00    100.10   0.0000  0.0000  14.6999  0.0675   0.0000  12.3108
0455-282  AIS    222.00    222.00  12.1079  0.1250  13.2787  0.0675  11.7120  11.9631
0457-103  AIS    288.00    134.00  11.8290  0.1250  13.2400  0.0675  11.3877  10.1344
0458-364  AIS    159.00    159.00  15.3550  0.1250  15.5313  0.0675  15.6452   0.0000
0501+527  CAI   3073.55   7541.10  11.5819  0.1250  11.6622  0.0675   9.5023  12.1362
0501-289  AIS    136.00    136.00  11.9784  0.1250  12.6873  0.0675  11.5245  14.6486
0615+655  AIS    192.00    192.00  14.3216  0.1250  14.8047  0.0675  13.7917  13.7668
0615-591  AIS     96.00     96.00  14.4282  0.1250  13.8477  0.0675  14.2443   0.0000
0621-376  AIS    216.00    216.00  11.5991  0.1250  12.1185  0.0675   9.8093   0.0000
0644+375  AIS    142.10    142.10  11.9887  0.1250  12.5267  0.0675  10.9045  11.2918
0659+130  AIS     90.00     90.00  13.0967  0.1250  14.7509  0.0675  12.9600  13.5026
0704+618  AIS     96.00     96.00  15.0200  0.1250  15.7432  0.0675  14.9240   0.0000
0713+399  AIS    182.00    182.00  14.7187  0.1250  15.0175  0.0675  14.5823  14.9516
0714+458  AIS    217.00    217.00  19.0793  0.1250  16.1088  0.0675  18.5503   0.0000
0727+600  AIS    108.00    108.00  14.0307  0.1250  14.6886  0.0675  13.9791   0.0000
0742+653  AIS    231.00    231.00  13.8162  0.1250  14.2463  0.0675  13.8987   0.0000
0802+413  AIS    206.00    206.00  13.4242  0.1250  14.1435  0.0675  13.1932  13.7173
0806-661  AIS    124.00    124.00  16.8839  0.1250  14.6105  0.0675  16.6679  14.4730
0823+316  MIS   2287.15   2288.15  13.4622  0.1250  14.1849  0.0675  13.9481   0.0000
0824+288  AIS     80.00     80.00  12.8235  0.1250  13.8895  0.0675  12.6862  13.2862
0836+237  MIS   3396.05   3397.05  14.6944  0.1250  15.2236  0.0675  14.5776   0.0000
0840+262  AIS    110.00    110.00  14.7931  0.1250  14.4450  0.0675  14.5466  14.3469
0845-188  AIS    107.00    385.35  15.6356  0.1250  15.3183  0.0675  15.6702  15.3826
0846+249  AIS    135.00    135.00  14.5272  0.1250  15.1721  0.0675  14.4192   0.0000
0853+163  AIS    109.00    109.00  15.3914  0.1250  15.2603  0.0675  15.2179  15.1789
0904+511  AIS    128.00    247.00  14.6894  0.1250  15.1964  0.0675  14.5321   0.0000
0905-724  AIS      0.00    142.00   0.0000  0.0000  11.8293  0.0675   0.0000   9.7001
0912+536  GII   1696.00   1696.00  18.9883  0.1250  16.0961  0.0675  18.7420  16.2449
0921+091  MIS    242.10    243.10  16.2619  0.1250  16.1403  0.0675  16.2519   0.0000
0921+354  AIS    138.05    309.05  16.7784  0.1250  16.0445  0.0675  16.5502   0.0000
0930+815  CAI   1582.40   4729.30  16.8740  0.1250  13.5920  0.0675  16.5514   0.0000
0939+262  AIS    201.00    201.00  13.4577  0.1250  13.2989  0.0675  12.4509  13.0587
0943+441  AIS    107.00    107.00  13.5752  0.1250  13.7883  0.0675  13.4627  13.4608
0945+245  AIS    207.00    207.00  14.5168  0.1250  13.9959  0.0675  14.3695  13.7627
0947+857  AIS    178.00    178.00  13.8852  0.1250  14.4284  0.0675  13.7001   0.0000
0948+013  MIS   1676.25   1676.25  15.8952  0.1250  15.4787  0.0675  15.6538   0.0000
0950+139  MIS   5596.15   5597.15  13.7196  0.1250  14.7725  0.0675  13.6723   0.0000
1003-441  AIS    213.00      0.00  14.6664  0.1250  0.00000  0.0000  14.5490   0.0000
1010+064  MIS   1542.85   1542.85  14.7237  0.1250  15.1314  0.0675  14.5169  15.0721
1011+570  AIS    205.00    205.00  14.6603  0.1250  14.3972  0.0675  14.5059  14.1906
1013-050  AIS    112.00    112.00  12.7916  0.1250  12.9140  0.0675  11.9902  12.5919
1015+014  MIS   1696.00   1696.00  19.5258  0.1250  17.1916  0.0675  18.3432   0.0000
1021+266  AIS    205.00    211.00  12.9503  0.1250  12.8478  0.0675  12.7075  12.0374
1022+050  MIS   2319.55   2319.55  15.4570  0.1250  14.9398  0.0675  15.2437  14.7901
1024+326  AIS    206.00    206.00  15.2179  0.1250  15.6547  0.0675  15.0013   0.0000
1026+002  MIS   1572.90   3239.40  13.4568  0.1250  14.3294  0.0675  13.4139   0.0000
1026+453  AIS    112.00    112.00  14.4701  0.1250  14.8405  0.0675  14.1813   0.0000
1031+234  AIS     96.00     96.00  15.0182  0.1250  15.0346  0.0675  14.9428  14.9377
1033+464  AIS    119.00    119.00  13.3717  0.1250  13.5271  0.0675  12.6364   0.0000
1034+001  MIS    350.00    350.00  12.1130  0.1250  12.9660  0.0675  10.7732  11.4309
1041+580  DIS  15777.40  33210.40  13.1328  0.1250  13.5691  0.0675  12.8407   0.0000
1052+273  AIS    186.00    234.00  13.1671  0.1250  13.5403  0.0675  12.7426   0.0000
1056+516  AIS    109.00    109.00  14.7758  0.1250  15.2076  0.0675  14.4714   0.0000
1057+719  AIS    122.00    122.00  12.8902  0.1250  13.5322  0.0675  12.7137   0.0000
1057-059  AIS    254.00    446.00  15.1810  0.1250  15.6499  0.0675  15.0707   0.0000
1104+602  AIS    112.00    112.00  13.2285  0.1250  13.5944  0.0675  13.0587  13.3387
1108+325  AIS    172.00    172.00  14.7605  0.1250  15.3587  0.0675  14.6831   0.0000
1115+158  AIS    120.00    120.00  16.3031  0.1250  16.2438  0.0675  16.2995  16.3121
1116+026  MIS   1501.05   3045.10  15.6662  0.1250  15.0776  0.0675  15.5710   0.0000
1123+189  AIS    112.00    112.00  12.4676  0.1250  13.4632  0.0675  11.9937  12.6055
1133+489  AIS    398.00    856.00  15.2078  0.1250  15.7190  0.0675  15.0034  15.5168
1134+300  AIS    111.00    111.00  11.9999  0.1250  12.3729  0.0675  11.3204  11.7116
1143+321  AIS    102.10    102.10  13.6141  0.1250  13.6928  0.0675  13.3744   0.0000
1144+004  MIS   2169.05   3283.05  13.0347  0.1250  13.7833  0.0675  13.6355   0.0000
1149-133  AIS    110.20    110.20  15.8871  0.1250  15.7797  0.0675  15.7193  15.3093
1151-029  AIS    109.00    225.05  13.8567  0.1250  14.6017  0.0675  13.6752  14.4401
1159+803  AIS    220.00    220.00  17.8309  0.1250  16.6142  0.0675  18.3068   0.0000
1159-034  GII  16666.80  20183.10  12.9374  0.1250  13.1922  0.0675  12.1827  12.9048
1202+608  AIS    128.00    410.00  12.3697  0.1250  12.3697  0.0675  11.2338  11.8570
1210+533  AIS    106.00    295.00  12.1337  0.1250  13.5816  0.0675  11.9996  12.5350
1211+332  CAI   2373.10   2375.15  12.8837  0.1250  13.3883  0.0675  12.5501  13.0731
1225-079  AIS    194.00    300.00  17.4040  0.1250  15.6420  0.0675  17.2802  15.4385
1234+481  AIS    199.00    199.00  12.6445  0.1250  13.1330  0.0675  12.2113  12.8106
1254+223  AIS    109.00    109.00  11.6477  0.1250  13.4444  0.0675  11.3155  11.8820
1302+597  AIS    107.00    107.00  13.4520  0.1250  14.1881  0.0675  13.2938  13.5322
1305-017  AIS    302.00    414.00  15.2698  0.1250  15.7416  0.0675  15.1295   0.0000
1311+129  AIS    100.00    100.00  16.0388  0.1250  15.8658  0.0675  15.8849  16.2353
1312+098  AIS    207.00    207.00  15.6057  0.1250  15.7801  0.0675  15.6529  16.0182
1314+293  CAI   1313.25   1313.25  12.4186  0.1250  11.9862  0.0675  10.7446  11.3685
1326-037  AIS    212.00    212.00  15.3191  0.1250  15.2444  0.0675  15.1713  15.0140
1327-083  AIS    107.00    107.00  12.6690  0.1250  12.7226  0.0675  12.2777  12.3310
1337+705  AIS    107.00    107.00  12.5795  0.1250  12.5387  0.0675  11.7678  12.0892
1411+218  AIS     88.10     88.10  15.1163  0.1250  14.4503  0.0675  15.0345  14.3196
1413+015  MIS   1608.00   1608.00  15.3123  0.1250  15.7273  0.0675  15.1657   0.0000
1413+231  GII    544.20    544.20  15.4309  0.1250  15.7522  0.0675  17.0597   0.0000
1424+534  GII      0.00   1589.05   0.0000  0.0000  14.2291  0.0675   0.0000  14.1410
1425+540  AIS    125.00    125.00  15.6951  0.1250  14.9824  0.0675  15.6972   0.0000
1425-811  AIS      0.00    128.00   0.0000  0.0000  13.9751  0.0675   0.0000  13.7278
1445+152  AIS     80.00     80.00  15.5345  0.1250  15.4671  0.0675  15.4221  15.3199
1456+103  AIS    165.00    165.00  15.8633  0.1250  15.8711  0.0675  15.6798  15.7981
1459+821  AIS    218.00    218.00  15.1981  0.1250  14.6544  0.0675  15.0971  14.5058
1501+664  AIS    167.00    167.00  14.1148  0.1250  14.5781  0.0675  13.6705  14.4956
1517+740  AIS    108.00    218.00  14.5899  0.1250  14.9761  0.0675  14.2418  14.9445
1532+033  MIS   2483.20   4299.20  13.9182  0.1250  14.7303  0.0675  13.8225   0.0000
1544+009  MIS   1316.15   2616.35  13.9038  0.1250  14.0424  0.0675  13.5480   0.0000
1548+405  AIS    137.00    137.00  14.0159  0.1250  14.4540  0.0675  13.7003   0.0000
1550+130  AIS    199.00    200.00  14.9458  0.1250  15.3490  0.0675  14.8457  15.2943
1559+369  AIS    137.00    137.00  16.1807  0.1250  15.1104  0.0675  16.3288  15.0178
1631+781  AIS    209.05    209.05  11.9890  0.1250  13.3739  0.0675  11.2169  11.7995
1634-573  AIS      0.00     93.05   0.0000  0.0000  12.0006  0.0675   0.0000  10.0303
1636+351  MIS   1706.00   1706.00  13.0521  0.1250  13.9259  0.0675  12.9981  13.6184
1639+537  AIS    239.00    303.00  20.3224  0.1445  16.8857  0.0675  19.1008  16.8131
1645+325  MIS   1751.25   1751.25  13.0564  0.1250  13.1137  0.0675  12.7580  12.8629
1647+591  AIS    249.00    249.00  13.6087  0.1250  13.3832  0.0675  13.3491  12.6469
1650+724  AIS    105.00    255.10  15.6317  0.1250  16.0112  0.0675  15.3952   0.0000
1654+160  AIS    110.00    110.00  16.0148  0.1250  16.0819  0.0675  15.7629  16.1321
1657+343  CAI    424.00    424.00  14.5062  0.1250  14.9997  0.0675  14.3015   0.0000
1658+440  AIS     96.00     96.00  13.0725  0.1250  13.7275  0.0675  12.9641  13.4805
1707+427  MIS    107.00    171.00  14.6197  0.1250  15.1394  0.0675  15.0261  15.9184
1713+695  GII   1567.00   1567.00  13.1387  0.1250  13.8490  0.0675  13.0258  13.1183
1725+586  AIS    104.00    105.00  13.9236  0.1250  14.2948  0.0675  13.4736   0.0000
1734+742  AIS     90.10    202.10  13.5204  0.1250  13.2081  0.0675  12.9631  12.7853
1738+669  AIS    182.00    182.00  13.0096  0.1250  13.3232  0.0675  12.2437   0.0000
1743-521  AIS    251.00    251.00  15.6570  0.1250  15.6283  0.0675  15.4663  15.3912
1749+717  AIS    190.00    190.00  13.9742  0.1250  14.5662  0.0675  13.7247   0.0000
1800+685  AIS    187.00    187.00  13.1691  0.1250  13.5227  0.0675  12.5797   0.0000
1819+580  AIS    179.00    179.00  12.3063  0.1250  14.0110  0.0675  11.7409   0.0000
1821+643  GIS   7014.20   7014.20  12.6686  0.1250  13.2923  0.0675  12.5651  13.2856
1822+410  AIS    107.00    107.00  14.6379  0.1250  14.1554  0.0675  14.3663  13.9547
1827+778  AIS    192.10    192.10  14.2418  0.1250  15.0129  0.0675  14.0609   0.0000
1828+668  AIS    192.00    376.00  19.3492  0.1250  17.4153  0.0675  18.2849   0.0000
1900+705  AIS    176.00    176.00  14.0257  0.1250  13.5609  0.0675  13.8539  13.4043
1917-077  AIS    204.15    204.15  15.0413  0.1250  13.3937  0.0675  14.8706  12.9533
2004-605  AIS    110.00    110.00  12.8107  0.1250  12.3970  0.0675  11.2650   0.0000
2007-303  AIS    158.00    158.00  12.5760  0.1250  13.1249  0.0675  12.0438  12.1567
2028+390  AIS      0.00    275.00   0.0000  0.0000  13.0761  0.0675   0.0000  12.4373
2034-532  AIS    160.00    160.00  14.6295  0.1250  14.2239  0.0675  14.5165   0.0000
2039-202  AIS    265.00    265.00  12.0104  0.1250  13.6761  0.0675  11.4788  11.7264
2046+396  AIS      0.00    213.00   0.0000  0.0000  13.6537  0.0675   0.0000  12.8544
2047+372  AIS      0.00     80.00   0.0000  0.0000  13.3953  0.0675   0.0000  12.9560
2105-820  AIS    201.00    201.00  17.0434  0.1250  14.4001  0.0675  16.6835  14.3019
2116+736  MIS    363.00    363.00  13.1817  0.1250  13.6087  0.0675  14.6073   0.0000
2117+539  AIS      0.00    164.00   0.0000  0.0000  13.8998  0.0675   0.0000  12.2492
2123-226  AIS    188.00    188.00  14.8016  0.1250  12.5985  0.0675  14.5670  10.4561
2124+191  AIS      0.00    123.00   0.0000  0.0000  11.1970  0.0675   0.0000   8.8029
2126+734  AIS    292.00    292.00  13.0496  0.1250  13.0650  0.0675  12.5893  12.7329
2140+207  AIS    128.00    128.00  19.3000  0.1324  14.7012  0.0675  18.6538   0.0000
2147+280  AIS    171.00    171.00  16.3862  0.1250  15.1796  0.0675  16.8105   0.0000
2149+021  CAI   3075.35   3074.35  12.9712  0.1250  12.6749  0.0675  12.1668  12.3791
2153-419  AIS    157.00    266.00  13.9271  0.1250  14.4200  0.0675  14.2503  14.5048
2159-414  AIS    208.00    376.00  13.8163  0.1250  14.3812  0.0675  13.6370  14.2353
2207-303  MIS    416.00   1696.00  12.6347  0.1250  13.6147  0.0675  12.5544   0.0000
2211-495  AIS    162.00    162.00  11.0920  0.1250  12.5621  0.0675   9.5019  10.0285
2224-344  AIS    207.00    207.00  14.3436  0.1250  14.1559  0.0675  14.1676  13.9981
2237+819  AIS    208.00    208.00  17.4523  0.1250  16.9633  0.0675  17.5654   0.0000
2246+066  AIS    198.00    199.00  15.0729  0.1250  15.7026  0.0675  14.9851  15.6057
2246+223  MIS    443.00    443.00  17.7350  0.1250  15.1523  0.0675  17.4718   0.0000
2257-073  AIS    134.00    134.00  13.3249  0.1250  13.6648  0.0675  12.9978   0.0000
2304+251  AIS    112.25    112.25  14.7863  0.1250  13.6636  0.0675  14.7671  12.6445
2309+105  AIS    184.00    189.00  12.1579  0.1250  13.1162  0.0675  10.8698  11.4894
2316+123  AIS    297.05    405.05  16.9047  0.1250  15.8131  0.0675  16.7223  15.6530
2316-173  CAI    892.20    892.20  16.2000  0.1250  14.6756  0.0675  16.1014  14.5966
2326+049  AIS    183.00    183.00  15.1366  0.1250  13.8485  0.0675  14.6563  13.6126
2331-475  AIS    212.00    323.00  12.4068  0.1250  13.4455  0.0675  11.2571  11.8653
2333-002  MIS   3352.50   3352.50  14.1238  0.1250  14.7602  0.0675  13.9914   0.0000
2341+322  AIS    263.00    263.00  13.9126  0.1250  13.5169  0.0675  13.6663  13.2946
2349+286  AIS      0.00     95.10   0.0000  0.0000  15.0330  0.0675   0.0000  15.0042
2350-706  NGS      0.00    256.00   0.0000  0.0000  12.7240  0.0675   0.0000  12.3063
2353+026  AIS    206.00    206.00  13.8515  0.1250  14.3988  0.0675  13.8195  14.4895
2357+296  AIS      0.00     96.00   0.0000  0.0000  13.9724  0.0675   0.0000  13.6109
2359-434  GII  15046.90  15046.90  18.7670  0.1250  14.4143  0.0675  17.8886   0.0000